.Random.seed <-
c(403L, 23L, 1584617901L, 544173415L, 526883470L, 1308754792L, 
-2071946389L, 1221461257L, 605469592L, 1874475718L, 367796257L, 
1778607283L, -573041118L, 954034196L, 1113967767L, 198649485L, 
1610811300L, -1996768886L, 798803445L, -1992116145L, -1640272042L, 
-1927526912L, 2138380099L, -1436725535L, 1973193808L, -1904143186L, 
1487589465L, 838815851L, -728259110L, 1471598236L, 786571423L, 
978565877L, -1864661108L, -275347870L, -847406531L, 1931314359L, 
81836894L, -1681596776L, 957013499L, -578437223L, -629360600L, 
-2009014058L, 1274094929L, 814502915L, 579918738L, -1513195228L, 
1840365543L, -2073975747L, -59919692L, 1130643738L, -980258203L, 
-446654721L, -977171578L, 184339728L, 1573660083L, 1372755537L, 
-144681472L, -1054477602L, -1903664855L, 1779436763L, 270203882L, 
-343389300L, -346551089L, 221295749L, 259063612L, -39453166L, 
2087443725L, -227989945L, 1139104814L, -2115731064L, -1065412469L, 
878097001L, 1614818872L, -1365809434L, 580338305L, 1299017235L, 
843667906L, 1458410100L, -1979992969L, 882826605L, 860832260L, 
-1853841110L, -233433451L, -1035649745L, -707082186L, 2036128864L, 
-2093247837L, -181762623L, 309858736L, -562835250L, 645336633L, 
-705957813L, -730971654L, 1799257340L, 1188647231L, -1423708651L, 
1725345068L, -145465854L, -1549187875L, -1509400617L, 406256318L, 
-28050184L, 1498604251L, 1617779001L, -75883384L, 1318235190L, 
1970616433L, -559363421L, 1198092274L, -86703292L, -705016825L, 
331229661L, -158017836L, -1173964294L, 2023839045L, 190153119L, 
-1946262746L, 1827699632L, -2053167021L, 620045169L, 365523616L, 
1398220350L, 1277545801L, -495070213L, -952477750L, 1779075372L, 
1360233775L, -1759507483L, 1548948124L, 1771099890L, -1355495571L, 
-1764781913L, 1705997006L, 2102673448L, 962411563L, -864498103L, 
-225843368L, -251481594L, 1079860193L, 1043380595L, -123389470L, 
286735700L, 273052759L, 1972058189L, -1312162844L, -219170358L, 
593625141L, 837508751L, 928051094L, 277852992L, 1741929987L, 
479503393L, 1782925072L, -1123107602L, -953326439L, 955248939L, 
1819854874L, -798539044L, -749264161L, -358163275L, 1166539340L, 
1934116514L, -2087457283L, 41010935L, -297611234L, -1341898024L, 
2136811067L, 1956565977L, -765730456L, -187385706L, 674772497L, 
796954563L, -700443694L, 553422436L, -166478425L, -879889667L, 
-744618252L, -1173073446L, -1280953051L, 2047087679L, -2095946810L, 
139391056L, -49873805L, 1488900241L, 1816277184L, -1138935138L, 
-1946446231L, -523999589L, 646024106L, -484266036L, -1591172465L, 
236604101L, 567435900L, -947278126L, 1813965389L, 396683015L, 
1703242478L, -343539768L, -818347829L, -1445027543L, 724384120L, 
105680550L, 801028289L, 1501286739L, -1495400958L, -1954240716L, 
-831650633L, -1457589075L, 866914756L, -23662102L, 1727393365L, 
-1798725649L, 2099564534L, -1257731808L, -451123485L, 1374109569L, 
-497219088L, -740837234L, -131825671L, 676500875L, -883674694L, 
120189116L, -1622862849L, 1019961685L, 1126242924L, -279318846L, 
1127848221L, -1315844201L, 879233790L, -981515340L, 1698707474L, 
-438536736L, 1546856396L, 693272800L, 1374484514L, -1743462104L, 
229563916L, -205002948L, 1044194290L, 1651440368L, 905219652L, 
-891157928L, 478703418L, -1362565648L, -1914825028L, -824346348L, 
-585186622L, 1038586976L, -489069700L, -1891633200L, -1842880222L, 
-931489112L, -1724671092L, -1681835844L, 1958498098L, 858753600L, 
494754996L, -1166900664L, 401270202L, 793010704L, -2075020564L, 
1959485780L, 518840594L, -269169248L, -2030107956L, -277750176L, 
-293587006L, 683788072L, -1002066004L, -1506131140L, 2044733810L, 
-265790672L, -624636636L, -837866696L, -1546715430L, 747997072L, 
822136572L, 421604244L, -1373700030L, 442070272L, 689833020L, 
-1925529264L, 788500642L, 154337608L, -673753332L, 252486364L, 
392949074L, -517815168L, -563314604L, 1614385128L, 82446586L, 
-364762288L, -1422475476L, -1441134220L, -1064195182L, -1526757280L, 
-1987842676L, 2116426592L, 1642863074L, -168496216L, -1621658420L, 
-1837408260L, 1543480754L, -121317904L, 1952107460L, 652461400L, 
1403771258L, -1333296208L, -1295488580L, 1460705364L, -857147454L, 
1404366880L, 462133436L, 59667024L, -50498590L, -2065547160L, 
-1855929268L, -1582581508L, -270971918L, 612845824L, 1392615796L, 
-113398776L, -1842061382L, -1569705520L, -1081148436L, 768606612L, 
-480734766L, -351375008L, -1999884468L, -282396384L, 1097023362L, 
940076776L, 1013154028L, -1690536900L, -2003436686L, -2110235024L, 
-1169239004L, 1927916344L, 612527258L, 1066627792L, -822550340L, 
-1831473516L, 1520866946L, 1543776448L, 1719591740L, 1458363536L, 
263347746L, -902934520L, 1508441356L, -1579455332L, -1701937646L, 
1993539456L, 1598180884L, -326735320L, -1197722310L, -1030420016L, 
1129952364L, 1776257332L, -1966492014L, -608859296L, 1032147788L, 
-124184608L, -692815966L, 1053657000L, -1270469236L, -893245252L, 
1455884658L, 870675696L, 1177751620L, -2111889064L, 1788487226L, 
897137520L, -1470171076L, -668205292L, 2125473218L, -1031144736L, 
1048278908L, -219201840L, 1087584418L, -1753215960L, -1750448884L, 
512444348L, 1168460082L, -315110976L, -703804876L, 682097608L, 
-1565345606L, -1174886000L, 1237529068L, 1955603028L, 911560850L, 
69136160L, -974951988L, -197913120L, 1516205762L, 1625146408L, 
-2135764308L, -493714244L, 1523501554L, 1613173040L, 2051069092L, 
2066441912L, -2139980454L, 789460368L, -409349252L, 909412628L, 
1022812994L, 75782912L, 1371223996L, 686448464L, 588940066L, 
-608133816L, -646755828L, 390768732L, -267928366L, -2034386432L, 
-667513516L, 1331263976L, 209087482L, -1218510640L, -876262100L, 
-802020620L, 119339410L, -417409952L, -1320426228L, 521851616L, 
-949515934L, -1950770520L, 1682833996L, -592793220L, 2125931826L, 
1144836208L, -27998396L, 1515478488L, -1202885510L, -1657803216L, 
-500569412L, -1421926572L, -1442048958L, -203825760L, -25875780L, 
1150433744L, 1607376226L, 1814712296L, -736131124L, 83873532L, 
1790542322L, 144574592L, 528966900L, 1943127688L, 2042894138L, 
-688008368L, -1520417172L, -1671708524L, -1956810414L, -687243552L, 
-1357995584L, -730942935L, -140298597L, -1930764436L, 1821869946L, 
-282615633L, -1427416135L, -1720406578L, -83109604L, -1881092979L, 
1245167863L, -40834048L, -2020602274L, -1619709653L, -1407725011L, 
245650074L, -1213911464L, 2098115009L, 1128537715L, 987388820L, 
-77491678L, 731495735L, -516490239L, 1513545990L, -2123897532L, 
-2090227595L, 1868949983L, -699779784L, -1911601386L, -1074231517L, 
774509797L, 623751426L, 1635115888L, -542483687L, -1741997301L, 
192776188L, -1037564886L, 1289422943L, 666066921L, 336199934L, 
-1943949076L, -142912451L, -1066129401L, 1557492720L, -1260552306L, 
1740070331L, 1239317405L, -1648754358L, 384878952L, 25313105L, 
126319683L, -895589052L, -286906894L, -472485945L, 373346705L, 
1827513622L, 2103729524L, -52749307L, -1689637809L, 96976968L, 
24950246L, -1080915181L, -1813287819L, 1047647826L, -1450839904L, 
419940745L, -967259717L, 279545356L, 1112219546L, -916257009L, 
-1908048551L, 1715304430L, -1269768580L, -987945235L, -1771204201L, 
-683771296L, 552087614L, -1563633397L, -1903142003L, 747673786L, 
661053176L, 51975329L, 823251027L, -2083456140L, 1734461698L, 
507242903L, -2112941215L, 606308262L, -422887004L, 2021185621L, 
1395674367L, -455749224L, -2055099722L, 1050403651L, -1661395323L, 
1544647458L, 2094155792L, 2084877241L, -676375445L, 1899210588L, 
-1014989174L, -310916481L, 1145107401L, -164974498L, -463826164L, 
2009717469L, -1934363673L, 134727696L, 346244398L, -609805861L, 
350076605L, 1830317098L, -511415096L, -1108465167L, 901834595L, 
-1078010012L, 1252931218L, -406613145L, -848642767L, -1080650122L, 
-685660268L, 1303196581L, 609371311L, -1819494040L, -1517797050L, 
40884467L, -208722347L, -1883780558L, 2031024128L, 409619689L, 
-835966117L, -571560532L, -1255705158L, 1097962351L, 621692153L, 
45160846L, -1527247780L, -763273523L, 313186871L, -1202868032L, 
-1432084578L, -311049109L, 1703273453L, 994059866L, -1100715752L, 
-1445112191L, -192877517L, -181323180L, -160608670L, -184237833L, 
